$ANSIBLE_VAULT;1.1;AES256
39313664633333323961303731363637383430303465643731316237313161333537336536356536
6536323231393639386366313965323632643934613864330a663334653037663435353739646461
64633666323761346463643666393332653632393963633064383765393466333435646564616430
6262366666376437360a393663626264616234343638643738663836666430666164323362363436
34663565306366376335663936343438653963306464663932373735393431383565336463663635
34316535373965616234653438383566623939313335343831366233366638613964343935383464
63623237656339643139633736323530333233666564623539386463353735346534643933623034
62633433393361616435393230306232323734343765616233653766343235373435656466396464
63396134303262396461303830316530646534373739636262623963666539626632356263653562
38623561363263613735353339383164363461376362336437626166353137383964316561306234
36383234316233393035343532316564613462643532323661623835346230353832373166353262
38343535653864663966626336353531386130323539616433376334613863366361656130363732
30346265646539326461313434353462333131396432313532386431633136653037393861643865
39323462303365356163633065303963663935626332383231663263623062303930346163383637
62633634333030653230363262396630363930626133363136336261633562396466356239613334
65613064336665303664646165363639363663653235323861626535346235373330383833626533
62316138366139616438346230363935353837366530613435366337643936643366666561393862
32313366613662316163376364623531623237393564663565613465333235366364303636353762
33653035356630323664303461613536323833396131656564336264343039353062393733333032
31336130393066343730306636383431313930663061623934306463353634336630376534326264
61396631386435653665656131383638313932646239363738666638316535363036393639656539
33613762366238613432616631316535376338306630613865316566383865316362643133653035
34663039376534383362343931306436646462663037633832666165633135333662323264643037
61623238656339633538626431316562336132363736336430663963636232396136323031383432
3164
